INSERT INTO `binary` (`graph`, `vertices`, `dk_calls`, `running_time`) VALUES
('random',2049,6591,0.009445),
('random',2049,6591,0.00964),
('random',2049,6591,0.009637),
('random',2049,6591,0.009608),
('random',2049,6591,0.009694),
('random',2049,6591,0.009606),
('random',2049,6591,0.009643),
('random',2049,6591,0.0097),
('random',2049,6591,0.009604),
('random',2049,6591,0.009565),
('random',2049,6591,0.009584),
('random',2049,6591,0.009603),
('random',2049,6591,0.009788),
('random',2049,6591,0.00996),
('random',2049,6591,0.009898),
('random',2049,6591,0.009631),
('random',2049,6591,0.00956),
('random',2049,6591,0.009593),
('random',2049,6591,0.009577),
('random',2049,6591,0.009511),
('random',2049,6591,0.009722),
('random',2049,6591,0.009644),
('random',2049,6591,0.009566),
('random',2049,6591,0.009883),
('random',2049,6591,0.00944),
('random',2049,6591,0.009679),
('random',2049,6591,0.009705),
('random',2049,6591,0.009576),
('random',2049,6591,0.009468),
('random',2049,6591,0.009507),
('random',2049,6591,0.009542),
('random',2049,6591,0.00963),
('random',2049,6591,0.009508),
('random',2049,6591,0.009456),
('random',2049,6591,0.00955),
('random',2049,6591,0.009602),
('random',2049,6591,0.009551),
('random',2049,6591,0.009485),
('random',2049,6591,0.009662),
('random',2049,6591,0.009642),
('random',2049,6591,0.009534),
('random',2049,6591,0.009844),
('random',2049,6591,0.009635),
('random',2049,6591,0.00953),
('random',2049,6591,0.009634),
('random',2049,6591,0.009562),
('random',2049,6591,0.009586),
('random',2049,6591,0.009604),
('random',2049,6591,0.009741),
('random',2049,6591,0.009658),
('random',2049,6591,0.009792),
('random',2049,6591,0.009905),
('random',2049,6591,0.009518),
('random',2049,6591,0.009511),
('random',2049,6591,0.009987),
('random',2049,6591,0.009479),
('random',2049,6591,0.009513),
('random',2049,6591,0.00957),
('random',2049,6591,0.009728),
('random',2049,6591,0.009615),
('random',2049,6591,0.009495),
('random',2049,6591,0.009586),
('random',2049,6591,0.009712),
('random',2049,6591,0.009622),
('random',2049,6591,0.009507),
('random',2049,6591,0.010317),
('random',2049,6591,0.009758),
('random',2049,6591,0.009491),
('random',2049,6591,0.009474),
('random',2049,6591,0.009503),
('random',2049,6591,0.009629),
('random',2049,6591,0.009513),
('random',2049,6591,0.009455),
('random',2049,6591,0.009438),
('random',2049,6591,0.009547),
('random',2049,6591,0.010223),
('random',2049,6591,0.009645),
('random',2049,6591,0.009568),
('random',2049,6591,0.00949),
('random',2049,6591,0.009678),
('random',2049,6591,0.00953),
('random',2049,6591,0.00965),
('random',2049,6591,0.009463),
('random',2049,6591,0.009892),
('random',2049,6591,0.009635),
('random',2049,6591,0.010704),
('random',2049,6591,0.009477),
('random',2049,6591,0.009528),
('random',2049,6591,0.009589),
('random',2049,6591,0.009583),
('random',2049,6591,0.00957),
('random',2049,6591,0.009767),
('random',2049,6591,0.009471),
('random',2049,6591,0.009699),
('random',2049,6591,0.009656),
('random',2049,6591,0.009551),
('random',2049,6591,0.009448),
('random',2049,6591,0.009519),
('random',2049,6591,0.009791),
('random',2049,6591,0.009532),
('random',2049,6591,0.009744),
('random',2049,6591,0.009534),
('random',2049,6591,0.009568),
('random',2049,6591,0.009786),
('random',2049,6591,0.009525),
('random',2049,6591,0.009455),
('random',2049,6591,0.009611),
('random',2049,6591,0.009696),
('random',2049,6591,0.009604),
('random',2049,6591,0.009455),
('random',2049,6591,0.009622),
('random',2049,6591,0.00955),
('random',2049,6591,0.009646),
('random',2049,6591,0.009791),
('random',2049,6591,0.009695),
('random',2049,6591,0.009747),
('random',2049,6591,0.009916),
('random',2049,6591,0.009495),
('random',2049,6591,0.009904),
('random',2049,6591,0.009573),
('random',2049,6591,0.00982),
('random',2049,6591,0.009666),
('random',2049,6591,0.009646),
('random',2049,6591,0.009987),
('random',2049,6591,0.009832),
('random',2049,6591,0.0098),
('random',2049,6591,0.009783),
('random',2049,6591,0.009546),
('dkmax',2049,1049600,0.031104),
('dkmax',2049,1049600,0.031013),
('dkmax',2049,1049600,0.031282),
('dkmax',2049,1049600,0.031101),
('dkmax',2049,1049600,0.030996),
('dkmax',2049,1049600,0.031009),
('dkmax',2049,1049600,0.031095),
('dkmax',2049,1049600,0.031122),
('dkmax',2049,1049600,0.030967),
('dkmax',2049,1049600,0.030975),
('dkmax',2049,1049600,0.0311),
('dkmax',2049,1049600,0.03104),
('dkmax',2049,1049600,0.031156),
('dkmax',2049,1049600,0.031014),
('dkmax',2049,1049600,0.031044),
('dkmax',2049,1049600,0.03109),
('dkmax',2049,1049600,0.031005),
('dkmax',2049,1049600,0.031064),
('dkmax',2049,1049600,0.031043),
('dkmax',2049,1049600,0.031179),
('dkmax',2049,1049600,0.031202),
('dkmax',2049,1049600,0.031168),
('dkmax',2049,1049600,0.031032),
('dkmax',2049,1049600,0.03107),
('dkmax',2049,1049600,0.031127),
('dkmax',2049,1049600,0.030998),
('dkmax',2049,1049600,0.031188),
('dkmax',2049,1049600,0.031204),
('dkmax',2049,1049600,0.031007),
('dkmax',2049,1049600,0.031061),
('dkmax',2049,1049600,0.031007),
('dkmax',2049,1049600,0.030996),
('dkmax',2049,1049600,0.030974),
('dkmax',2049,1049600,0.031044),
('dkmax',2049,1049600,0.031089),
('dkmax',2049,1049600,0.031029),
('dkmax',2049,1049600,0.030993),
('dkmax',2049,1049600,0.031102),
('dkmax',2049,1049600,0.031074),
('dkmax',2049,1049600,0.031077),
('dkmax',2049,1049600,0.03101),
('dkmax',2049,1049600,0.031226),
('dkmax',2049,1049600,0.031234),
('dkmax',2049,1049600,0.031087),
('dkmax',2049,1049600,0.031139),
('dkmax',2049,1049600,0.031094),
('dkmax',2049,1049600,0.031262),
('dkmax',2049,1049600,0.031095),
('dkmax',2049,1049600,0.030981),
('dkmax',2049,1049600,0.031066),
('dkmax',2049,1049600,0.031095),
('dkmax',2049,1049600,0.031086),
('dkmax',2049,1049600,0.031034),
('dkmax',2049,1049600,0.030982),
('dkmax',2049,1049600,0.031133),
('dkmax',2049,1049600,0.031049),
('dkmax',2049,1049600,0.031086),
('dkmax',2049,1049600,0.03104),
('dkmax',2049,1049600,0.031143),
('dkmax',2049,1049600,0.031245),
('dkmax',2049,1049600,0.031039),
('dkmax',2049,1049600,0.031039),
('dkmax',2049,1049600,0.030968),
('dkmax',2049,1049600,0.03108),
('dkmax',2049,1049600,0.030951),
('dkmax',2049,1049600,0.031159),
('dkmax',2049,1049600,0.031044),
('dkmax',2049,1049600,0.031125),
('dkmax',2049,1049600,0.031061),
('dkmax',2049,1049600,0.030988),
('dkmax',2049,1049600,0.031071),
('dkmax',2049,1049600,0.031206),
('dkmax',2049,1049600,0.030975),
('dkmax',2049,1049600,0.031314),
('dkmax',2049,1049600,0.031368),
('dkmax',2049,1049600,0.031164),
('dkmax',2049,1049600,0.031082),
('dkmax',2049,1049600,0.030999),
('dkmax',2049,1049600,0.031273),
('dkmax',2049,1049600,0.031316),
('dkmax',2049,1049600,0.031276),
('dkmax',2049,1049600,0.031453),
('dkmax',2049,1049600,0.031442),
('dkmax',2049,1049600,0.030992),
('dkmax',2049,1049600,0.031219),
('dkmax',2049,1049600,0.031059),
('dkmax',2049,1049600,0.031252),
('dkmax',2049,1049600,0.031033),
('dkmax',2049,1049600,0.031114),
('dkmax',2049,1049600,0.031046),
('dkmax',2049,1049600,0.031261),
('dkmax',2049,1049600,0.031019),
('dkmax',2049,1049600,0.031021),
('dkmax',2049,1049600,0.031012),
('dkmax',2049,1049600,0.031178),
('dkmax',2049,1049600,0.031004),
('dkmax',2049,1049600,0.031116),
('dkmax',2049,1049600,0.031075),
('dkmax',2049,1049600,0.031026),
('dkmax',2049,1049600,0.031001),
('dkmax',2049,1049600,0.030996),
('dkmax',2049,1049600,0.031112),
('dkmax',2049,1049600,0.031193),
('dkmax',2049,1049600,0.031096),
('dkmax',2049,1049600,0.03109),
('dkmax',2049,1049600,0.030989),
('dkmax',2049,1049600,0.031177),
('dkmax',2049,1049600,0.031124),
('dkmax',2049,1049600,0.031049),
('dkmax',2049,1049600,0.031267),
('dkmax',2049,1049600,0.031093),
('dkmax',2049,1049600,0.031093),
('dkmax',2049,1049600,0.031048),
('dkmax',2049,1049600,0.030988),
('dkmax',2049,1049600,0.031238),
('dkmax',2049,1049600,0.03125),
('dkmax',2049,1049600,0.031064),
('dkmax',2049,1049600,0.031153),
('dkmax',2049,1049600,0.03112),
('dkmax',2049,1049600,0.031215),
('dkmax',2049,1049600,0.031187),
('dkmax',2049,1049600,0.031207),
('dkmax',2049,1049600,0.031482),
('dkmax',2049,1049600,0.031113),
('dkmax',2049,1049600,0.030978),
('dkmax',2049,1049600,0.031126),
('dkmax',2049,1049600,0.030949),
('dkmax',2049,1049600,0.031104),
('dkmax2',2049,2098176,0.545193),
('dkmax2',2049,2098176,0.544054),
('dkmax2',2049,2098176,0.544646),
('dkmax2',2049,2098176,0.544837),
('dkmax2',2049,2098176,0.54421),
('dkmax2',2049,2098176,0.544586),
('dkmax2',2049,2098176,0.544376),
('dkmax2',2049,2098176,0.544502),
('dkmax2',2049,2098176,0.544303),
('dkmax2',2049,2098176,0.544351),
('dkmax2',2049,2098176,0.544024),
('dkmax2',2049,2098176,0.544534),
('dkmax2',2049,2098176,0.544399),
('dkmax2',2049,2098176,0.544615),
('dkmax2',2049,2098176,0.544448),
('dkmax2',2049,2098176,0.544582),
('dkmax2',2049,2098176,0.544194),
('dkmax2',2049,2098176,0.544053),
('dkmax2',2049,2098176,0.544367),
('dkmax2',2049,2098176,0.544022),
('dkmax2',2049,2098176,0.544039),
('dkmax2',2049,2098176,0.55002),
('dkmax2',2049,2098176,0.548304),
('dkmax2',2049,2098176,0.544658),
('dkmax2',2049,2098176,0.544668),
('dkmax2',2049,2098176,0.545252),
('dkmax2',2049,2098176,0.547647),
('dkmax2',2049,2098176,0.546689),
('dkmax2',2049,2098176,0.545141),
('dkmax2',2049,2098176,0.545399),
('dkmax2',2049,2098176,0.545172),
('dkmax2',2049,2098176,0.546433),
('dkmax2',2049,2098176,0.544827),
('dkmax2',2049,2098176,0.546346),
('dkmax2',2049,2098176,0.545425),
('dkmax2',2049,2098176,0.544762),
('dkmax2',2049,2098176,0.54501),
('dkmax2',2049,2098176,0.544276),
('dkmax2',2049,2098176,0.547888),
('dkmax2',2049,2098176,0.544466),
('dkmax2',2049,2098176,0.544883),
('dkmax2',2049,2098176,0.544685),
('dkmax2',2049,2098176,0.548134),
('dkmax2',2049,2098176,0.545851),
('dkmax2',2049,2098176,0.545342),
('dkmax2',2049,2098176,0.54463),
('dkmax2',2049,2098176,0.547904),
('dkmax2',2049,2098176,0.544607),
('dkmax2',2049,2098176,0.543994),
('dkmax2',2049,2098176,0.547952),
('dkmax2',2049,2098176,0.546292),
('dkmax2',2049,2098176,0.54491),
('dkmax2',2049,2098176,0.544365),
('dkmax2',2049,2098176,0.544404),
('dkmax2',2049,2098176,0.544247),
('dkmax2',2049,2098176,0.545443),
('dkmax2',2049,2098176,0.544945),
('dkmax2',2049,2098176,0.544378),
('dkmax2',2049,2098176,0.547886),
('dkmax2',2049,2098176,0.546166),
('dkmax2',2049,2098176,0.544482),
('dkmax2',2049,2098176,0.544779),
('dkmax2',2049,2098176,0.544438),
('dkmax2',2049,2098176,0.545071),
('dkmax2',2049,2098176,0.545903),
('dkmax2',2049,2098176,0.544452),
('dkmax2',2049,2098176,0.54456),
('dkmax2',2049,2098176,0.544956),
('dkmax2',2049,2098176,0.544833),
('dkmax2',2049,2098176,0.545347),
('dkmax2',2049,2098176,0.544737),
('dkmax2',2049,2098176,0.545306),
('dkmax2',2049,2098176,0.544838),
('dkmax2',2049,2098176,0.544434),
('dkmax2',2049,2098176,0.547842),
('dkmax2',2049,2098176,0.54439),
('dkmax2',2049,2098176,0.544189),
('dkmax2',2049,2098176,0.543871),
('dkmax2',2049,2098176,0.544238),
('dkmax2',2049,2098176,0.545087),
('dkmax2',2049,2098176,0.544133),
('dkmax2',2049,2098176,0.544436),
('dkmax2',2049,2098176,0.543959),
('dkmax2',2049,2098176,0.544499),
('dkmax2',2049,2098176,0.544462),
('dkmax2',2049,2098176,0.544875),
('dkmax2',2049,2098176,0.544558),
('dkmax2',2049,2098176,0.544345),
('dkmax2',2049,2098176,0.544531),
('dkmax2',2049,2098176,0.546401),
('dkmax2',2049,2098176,0.544486),
('dkmax2',2049,2098176,0.544774),
('dkmax2',2049,2098176,0.544852),
('dkmax2',2049,2098176,0.544854),
('dkmax2',2049,2098176,0.545601),
('dkmax2',2049,2098176,0.545569),
('dkmax2',2049,2098176,0.544688),
('dkmax2',2049,2098176,0.54848),
('dkmax2',2049,2098176,0.544122),
('dkmax2',2049,2098176,0.545167),
('dkmax2',2049,2098176,0.544652),
('dkmax2',2049,2098176,0.54592),
('dkmax2',2049,2098176,0.54444),
('dkmax2',2049,2098176,0.544574),
('dkmax2',2049,2098176,0.544624),
('dkmax2',2049,2098176,0.544519),
('dkmax2',2049,2098176,0.544187),
('dkmax2',2049,2098176,0.544168),
('dkmax2',2049,2098176,0.544221),
('dkmax2',2049,2098176,0.544923),
('dkmax2',2049,2098176,0.547163),
('dkmax2',2049,2098176,0.543874),
('dkmax2',2049,2098176,0.547047),
('dkmax2',2049,2098176,0.544291),
('dkmax2',2049,2098176,0.544436),
('dkmax2',2049,2098176,0.544487),
('dkmax2',2049,2098176,0.544158),
('dkmax2',2049,2098176,0.544116),
('dkmax2',2049,2098176,0.544567),
('dkmax2',2049,2098176,0.544863),
('dkmax2',2049,2098176,0.544375),
('dkmax2',2049,2098176,0.545402),
('dkmax2',2049,2098176,0.544718),
('dkmax2',2049,2098176,0.544719),
('dkmax2',2049,2098176,0.545247),
('dkmax2',2049,2098176,0.54558),
('dkmax2',2049,2098176,0.54477),
('dkmax2',2049,2098176,0.545258);