INSERT INTO `binary` (`graph`, `vertices`, `dk_calls`, `running_time`) VALUES
('random',4097,13191,0.036162),
('random',4097,13191,0.035831),
('random',4097,13191,0.036168),
('random',4097,13191,0.036294),
('random',4097,13191,0.035762),
('random',4097,13191,0.036104),
('random',4097,13191,0.035835),
('random',4097,13191,0.035854),
('random',4097,13191,0.035735),
('random',4097,13191,0.03601),
('random',4097,13191,0.03703),
('random',4097,13191,0.038169),
('random',4097,13191,0.035999),
('random',4097,13191,0.036107),
('random',4097,13191,0.035622),
('random',4097,13191,0.036291),
('random',4097,13191,0.035491),
('random',4097,13191,0.036288),
('random',4097,13191,0.035516),
('random',4097,13191,0.035813),
('random',4097,13191,0.036332),
('random',4097,13191,0.036091),
('random',4097,13191,0.036132),
('random',4097,13191,0.035875),
('random',4097,13191,0.03613),
('random',4097,13191,0.035619),
('random',4097,13191,0.038426),
('random',4097,13191,0.036485),
('random',4097,13191,0.036269),
('random',4097,13191,0.035811),
('random',4097,13191,0.035788),
('random',4097,13191,0.036184),
('dkmax',4097,4196352,0.12257),
('dkmax',4097,4196352,0.122656),
('dkmax',4097,4196352,0.122273),
('dkmax',4097,4196352,0.122229),
('dkmax',4097,4196352,0.122999),
('dkmax',4097,4196352,0.122796),
('dkmax',4097,4196352,0.122425),
('dkmax',4097,4196352,0.122183),
('dkmax',4097,4196352,0.12248),
('dkmax',4097,4196352,0.123011),
('dkmax',4097,4196352,0.122508),
('dkmax',4097,4196352,0.122108),
('dkmax',4097,4196352,0.122287),
('dkmax',4097,4196352,0.122684),
('dkmax',4097,4196352,0.122432),
('dkmax',4097,4196352,0.123217),
('dkmax',4097,4196352,0.12239),
('dkmax',4097,4196352,0.122491),
('dkmax',4097,4196352,0.122705),
('dkmax',4097,4196352,0.122334),
('dkmax',4097,4196352,0.123094),
('dkmax',4097,4196352,0.122574),
('dkmax',4097,4196352,0.122552),
('dkmax',4097,4196352,0.12321),
('dkmax',4097,4196352,0.123664),
('dkmax',4097,4196352,0.123035),
('dkmax',4097,4196352,0.122375),
('dkmax',4097,4196352,0.122502),
('dkmax',4097,4196352,0.12348),
('dkmax',4097,4196352,0.12266),
('dkmax',4097,4196352,0.12331),
('dkmax',4097,4196352,0.122882),
('dkmax2',4097,8390656,2.44407),
('dkmax2',4097,8390656,2.43779),
('dkmax2',4097,8390656,2.44097),
('dkmax2',4097,8390656,2.44429),
('dkmax2',4097,8390656,2.45412),
('dkmax2',4097,8390656,2.44437),
('dkmax2',4097,8390656,2.43915),
('dkmax2',4097,8390656,2.44091),
('dkmax2',4097,8390656,2.43968),
('dkmax2',4097,8390656,2.44131),
('dkmax2',4097,8390656,2.43943),
('dkmax2',4097,8390656,2.43987),
('dkmax2',4097,8390656,2.43967),
('dkmax2',4097,8390656,2.44037),
('dkmax2',4097,8390656,2.44064),
('dkmax2',4097,8390656,2.44143),
('dkmax2',4097,8390656,2.43959),
('dkmax2',4097,8390656,2.4412),
('dkmax2',4097,8390656,2.44231),
('dkmax2',4097,8390656,2.44285),
('dkmax2',4097,8390656,2.44515),
('dkmax2',4097,8390656,2.4411),
('dkmax2',4097,8390656,2.44388),
('dkmax2',4097,8390656,2.43977),
('dkmax2',4097,8390656,2.44091),
('dkmax2',4097,8390656,2.43999),
('dkmax2',4097,8390656,2.44622),
('dkmax2',4097,8390656,2.44801),
('dkmax2',4097,8390656,2.44226),
('dkmax2',4097,8390656,2.44403),
('dkmax2',4097,8390656,2.4411),
('dkmax2',4097,8390656,2.44005),
('random',8193,26303,0.138205),
('random',8193,26303,0.137212),
('random',8193,26303,0.149498),
('random',8193,26303,0.137595),
('random',8193,26303,0.137412),
('random',8193,26303,0.141001),
('random',8193,26303,0.136819),
('random',8193,26303,0.139595),
('random',8193,26303,0.137525),
('random',8193,26303,0.138489),
('random',8193,26303,0.139562),
('random',8193,26303,0.136851),
('random',8193,26303,0.138934),
('random',8193,26303,0.139197),
('random',8193,26303,0.137931),
('random',8193,26303,0.138331),
('random',8193,26303,0.140655),
('random',8193,26303,0.138492),
('random',8193,26303,0.145996),
('random',8193,26303,0.140069),
('random',8193,26303,0.1379),
('random',8193,26303,0.137385),
('random',8193,26303,0.136582),
('random',8193,26303,0.137066),
('random',8193,26303,0.137122),
('random',8193,26303,0.137863),
('random',8193,26303,0.137159),
('random',8193,26303,0.137902),
('random',8193,26303,0.136844),
('random',8193,26303,0.139999),
('random',8193,26303,0.13703),
('random',8193,26303,0.13791),
('dkmax',8193,16781312,0.488838),
('dkmax',8193,16781312,0.48803),
('dkmax',8193,16781312,0.488548),
('dkmax',8193,16781312,0.488039),
('dkmax',8193,16781312,0.489169),
('dkmax',8193,16781312,0.489516),
('dkmax',8193,16781312,0.489473),
('dkmax',8193,16781312,0.489054),
('dkmax',8193,16781312,0.488657),
('dkmax',8193,16781312,0.488799),
('dkmax',8193,16781312,0.492013),
('dkmax',8193,16781312,0.489268),
('dkmax',8193,16781312,0.493822),
('dkmax',8193,16781312,0.490829),
('dkmax',8193,16781312,0.488457),
('dkmax',8193,16781312,0.487771),
('dkmax',8193,16781312,0.491775),
('dkmax',8193,16781312,0.489193),
('dkmax',8193,16781312,0.48832),
('dkmax',8193,16781312,0.488758),
('dkmax',8193,16781312,0.491489),
('dkmax',8193,16781312,0.488106),
('dkmax',8193,16781312,0.48749),
('dkmax',8193,16781312,0.488257),
('dkmax',8193,16781312,0.488531),
('dkmax',8193,16781312,0.48797),
('dkmax',8193,16781312,0.487862),
('dkmax',8193,16781312,0.487419),
('dkmax',8193,16781312,0.490934),
('dkmax',8193,16781312,0.48898),
('dkmax',8193,16781312,0.488355),
('dkmax',8193,16781312,0.488252),
('dkmax2',8193,33558528,10.7597),
('dkmax2',8193,33558528,10.7555),
('dkmax2',8193,33558528,10.7551),
('dkmax2',8193,33558528,10.7478),
('dkmax2',8193,33558528,10.7453),
('dkmax2',8193,33558528,10.7738),
('dkmax2',8193,33558528,10.7529),
('dkmax2',8193,33558528,10.7534),
('dkmax2',8193,33558528,10.76),
('dkmax2',8193,33558528,10.756),
('dkmax2',8193,33558528,10.7449),
('dkmax2',8193,33558528,10.7548),
('dkmax2',8193,33558528,10.7826),
('dkmax2',8193,33558528,10.7615),
('dkmax2',8193,33558528,10.7499),
('dkmax2',8193,33558528,10.7494),
('dkmax2',8193,33558528,10.746),
('dkmax2',8193,33558528,10.7515),
('dkmax2',8193,33558528,10.7548),
('dkmax2',8193,33558528,10.748),
('dkmax2',8193,33558528,10.7614),
('dkmax2',8193,33558528,10.756),
('dkmax2',8193,33558528,10.7556),
('dkmax2',8193,33558528,10.759),
('dkmax2',8193,33558528,10.7788),
('dkmax2',8193,33558528,10.7531),
('dkmax2',8193,33558528,10.7785),
('dkmax2',8193,33558528,10.7697),
('dkmax2',8193,33558528,10.7454),
('dkmax2',8193,33558528,10.7526),
('dkmax2',8193,33558528,10.7481),
('dkmax2',8193,33558528,10.7514);