INSERT INTO `fibonacci` (`graph`, `vertices`, `dk_calls`, `running_time`) VALUES
('random',2049,6534,0.012125),
('random',2049,6534,0.012391),
('random',2049,6534,0.012285),
('random',2049,6534,0.013986),
('random',2049,6534,0.01278),
('random',2049,6534,0.012253),
('random',2049,6534,0.01225),
('random',2049,6534,0.012383),
('random',2049,6534,0.012331),
('random',2049,6534,0.012738),
('random',2049,6534,0.012615),
('random',2049,6534,0.012235),
('random',2049,6534,0.012305),
('random',2049,6534,0.012187),
('random',2049,6534,0.012518),
('random',2049,6534,0.012454),
('random',2049,6534,0.012566),
('random',2049,6534,0.01246),
('random',2049,6534,0.012421),
('random',2049,6534,0.012251),
('random',2049,6534,0.012385),
('random',2049,6534,0.012261),
('random',2049,6534,0.012411),
('random',2049,6534,0.01231),
('random',2049,6534,0.012595),
('random',2049,6534,0.012378),
('random',2049,6534,0.012807),
('random',2049,6534,0.012248),
('random',2049,6534,0.012143),
('random',2049,6534,0.01221),
('random',2049,6534,0.012198),
('random',2049,6534,0.012241),
('random',2049,6534,0.012214),
('random',2049,6534,0.012328),
('random',2049,6534,0.012813),
('random',2049,6534,0.012707),
('random',2049,6534,0.012449),
('random',2049,6534,0.012282),
('random',2049,6534,0.012364),
('random',2049,6534,0.012264),
('random',2049,6534,0.012289),
('random',2049,6534,0.012324),
('random',2049,6534,0.012353),
('random',2049,6534,0.012237),
('random',2049,6534,0.012201),
('random',2049,6534,0.012185),
('random',2049,6534,0.012424),
('random',2049,6534,0.012343),
('random',2049,6534,0.012224),
('random',2049,6534,0.012123),
('random',2049,6534,0.012381),
('random',2049,6534,0.012328),
('random',2049,6534,0.012244),
('random',2049,6534,0.012568),
('random',2049,6534,0.012189),
('random',2049,6534,0.012151),
('random',2049,6534,0.012173),
('random',2049,6534,0.01221),
('random',2049,6534,0.01225),
('random',2049,6534,0.012233),
('random',2049,6534,0.012348),
('random',2049,6534,0.012367),
('random',2049,6534,0.012878),
('random',2049,6534,0.012315),
('random',2049,6534,0.012619),
('random',2049,6534,0.012447),
('random',2049,6534,0.012585),
('random',2049,6534,0.012214),
('random',2049,6534,0.012224),
('random',2049,6534,0.012154),
('random',2049,6534,0.012395),
('random',2049,6534,0.012156),
('random',2049,6534,0.012269),
('random',2049,6534,0.012197),
('random',2049,6534,0.012287),
('random',2049,6534,0.012249),
('random',2049,6534,0.012192),
('random',2049,6534,0.012189),
('random',2049,6534,0.012233),
('random',2049,6534,0.012673),
('random',2049,6534,0.012175),
('random',2049,6534,0.012179),
('random',2049,6534,0.013112),
('random',2049,6534,0.012286),
('random',2049,6534,0.0122),
('random',2049,6534,0.012195),
('random',2049,6534,0.012167),
('random',2049,6534,0.012167),
('random',2049,6534,0.012202),
('random',2049,6534,0.012318),
('random',2049,6534,0.012207),
('random',2049,6534,0.012415),
('random',2049,6534,0.012081),
('random',2049,6534,0.012219),
('random',2049,6534,0.012275),
('random',2049,6534,0.012232),
('random',2049,6534,0.012412),
('random',2049,6534,0.012286),
('random',2049,6534,0.012307),
('random',2049,6534,0.01232),
('random',2049,6534,0.012255),
('random',2049,6534,0.012249),
('random',2049,6534,0.012397),
('random',2049,6534,0.012277),
('random',2049,6534,0.012396),
('random',2049,6534,0.012357),
('random',2049,6534,0.012221),
('random',2049,6534,0.012227),
('random',2049,6534,0.012458),
('random',2049,6534,0.012096),
('random',2049,6534,0.012413),
('random',2049,6534,0.012776),
('random',2049,6534,0.012789),
('random',2049,6534,0.012135),
('random',2049,6534,0.012182),
('random',2049,6534,0.01229),
('random',2049,6534,0.012278),
('random',2049,6534,0.012242),
('random',2049,6534,0.012305),
('random',2049,6534,0.01237),
('random',2049,6534,0.012195),
('random',2049,6534,0.012914),
('random',2049,6534,0.012313),
('random',2049,6534,0.012195),
('random',2049,6534,0.012226),
('random',2049,6534,0.01232),
('random',2049,6534,0.012287),
('random',2049,6534,0.01227),
('dkmax',2049,1049600,0.028923),
('dkmax',2049,1049600,0.028787),
('dkmax',2049,1049600,0.02898),
('dkmax',2049,1049600,0.0288),
('dkmax',2049,1049600,0.028711),
('dkmax',2049,1049600,0.028724),
('dkmax',2049,1049600,0.028955),
('dkmax',2049,1049600,0.028918),
('dkmax',2049,1049600,0.028755),
('dkmax',2049,1049600,0.028737),
('dkmax',2049,1049600,0.028863),
('dkmax',2049,1049600,0.028803),
('dkmax',2049,1049600,0.028717),
('dkmax',2049,1049600,0.028839),
('dkmax',2049,1049600,0.02894),
('dkmax',2049,1049600,0.029041),
('dkmax',2049,1049600,0.029115),
('dkmax',2049,1049600,0.029285),
('dkmax',2049,1049600,0.028763),
('dkmax',2049,1049600,0.02893),
('dkmax',2049,1049600,0.028808),
('dkmax',2049,1049600,0.029156),
('dkmax',2049,1049600,0.029034),
('dkmax',2049,1049600,0.029223),
('dkmax',2049,1049600,0.029647),
('dkmax',2049,1049600,0.029323),
('dkmax',2049,1049600,0.029603),
('dkmax',2049,1049600,0.029048),
('dkmax',2049,1049600,0.028732),
('dkmax',2049,1049600,0.029121),
('dkmax',2049,1049600,0.029533),
('dkmax',2049,1049600,0.029251),
('dkmax',2049,1049600,0.030218),
('dkmax',2049,1049600,0.028985),
('dkmax',2049,1049600,0.029405),
('dkmax',2049,1049600,0.028835),
('dkmax',2049,1049600,0.028922),
('dkmax',2049,1049600,0.029206),
('dkmax',2049,1049600,0.029147),
('dkmax',2049,1049600,0.028962),
('dkmax',2049,1049600,0.028817),
('dkmax',2049,1049600,0.029568),
('dkmax',2049,1049600,0.028883),
('dkmax',2049,1049600,0.028745),
('dkmax',2049,1049600,0.029006),
('dkmax',2049,1049600,0.029706),
('dkmax',2049,1049600,0.029266),
('dkmax',2049,1049600,0.029343),
('dkmax',2049,1049600,0.029304),
('dkmax',2049,1049600,0.028875),
('dkmax',2049,1049600,0.029093),
('dkmax',2049,1049600,0.030272),
('dkmax',2049,1049600,0.029223),
('dkmax',2049,1049600,0.029511),
('dkmax',2049,1049600,0.028948),
('dkmax',2049,1049600,0.029119),
('dkmax',2049,1049600,0.028865),
('dkmax',2049,1049600,0.02936),
('dkmax',2049,1049600,0.029562),
('dkmax',2049,1049600,0.029384),
('dkmax',2049,1049600,0.028961),
('dkmax',2049,1049600,0.029469),
('dkmax',2049,1049600,0.029465),
('dkmax',2049,1049600,0.029105),
('dkmax',2049,1049600,0.02904),
('dkmax',2049,1049600,0.028939),
('dkmax',2049,1049600,0.02889),
('dkmax',2049,1049600,0.029254),
('dkmax',2049,1049600,0.029008),
('dkmax',2049,1049600,0.029204),
('dkmax',2049,1049600,0.03004),
('dkmax',2049,1049600,0.030309),
('dkmax',2049,1049600,0.029255),
('dkmax',2049,1049600,0.029016),
('dkmax',2049,1049600,0.028989),
('dkmax',2049,1049600,0.028974),
('dkmax',2049,1049600,0.02964),
('dkmax',2049,1049600,0.029056),
('dkmax',2049,1049600,0.028741),
('dkmax',2049,1049600,0.029345),
('dkmax',2049,1049600,0.028819),
('dkmax',2049,1049600,0.02876),
('dkmax',2049,1049600,0.029562),
('dkmax',2049,1049600,0.02894),
('dkmax',2049,1049600,0.028918),
('dkmax',2049,1049600,0.028706),
('dkmax',2049,1049600,0.029022),
('dkmax',2049,1049600,0.028897),
('dkmax',2049,1049600,0.028895),
('dkmax',2049,1049600,0.028923),
('dkmax',2049,1049600,0.029345),
('dkmax',2049,1049600,0.029307),
('dkmax',2049,1049600,0.028764),
('dkmax',2049,1049600,0.02871),
('dkmax',2049,1049600,0.028895),
('dkmax',2049,1049600,0.029196),
('dkmax',2049,1049600,0.028792),
('dkmax',2049,1049600,0.02893),
('dkmax',2049,1049600,0.02917),
('dkmax',2049,1049600,0.029096),
('dkmax',2049,1049600,0.028929),
('dkmax',2049,1049600,0.028736),
('dkmax',2049,1049600,0.0289),
('dkmax',2049,1049600,0.028832),
('dkmax',2049,1049600,0.029388),
('dkmax',2049,1049600,0.029773),
('dkmax',2049,1049600,0.029159),
('dkmax',2049,1049600,0.029124),
('dkmax',2049,1049600,0.028813),
('dkmax',2049,1049600,0.028845),
('dkmax',2049,1049600,0.028907),
('dkmax',2049,1049600,0.028817),
('dkmax',2049,1049600,0.028819),
('dkmax',2049,1049600,0.028776),
('dkmax',2049,1049600,0.029064),
('dkmax',2049,1049600,0.028838),
('dkmax',2049,1049600,0.028734),
('dkmax',2049,1049600,0.028706),
('dkmax',2049,1049600,0.028932),
('dkmax',2049,1049600,0.028793),
('dkmax',2049,1049600,0.028753),
('dkmax',2049,1049600,0.028717),
('dkmax',2049,1049600,0.028984),
('dkmax',2049,1049600,0.028769),
('dkmax',2049,1049600,0.028821),
('dkmax',2049,1049600,0.028731),
('dkmax',2049,1049600,0.029018),
('dkmax',2049,1049600,0.028727),
('dkmax2',2049,2098176,0.255073),
('dkmax2',2049,2098176,0.254783),
('dkmax2',2049,2098176,0.257686),
('dkmax2',2049,2098176,0.254945),
('dkmax2',2049,2098176,0.254826),
('dkmax2',2049,2098176,0.255279),
('dkmax2',2049,2098176,0.254764),
('dkmax2',2049,2098176,0.255313),
('dkmax2',2049,2098176,0.254781),
('dkmax2',2049,2098176,0.254921),
('dkmax2',2049,2098176,0.255871),
('dkmax2',2049,2098176,0.255143),
('dkmax2',2049,2098176,0.254777),
('dkmax2',2049,2098176,0.255218),
('dkmax2',2049,2098176,0.255093),
('dkmax2',2049,2098176,0.256196),
('dkmax2',2049,2098176,0.255159),
('dkmax2',2049,2098176,0.254963),
('dkmax2',2049,2098176,0.255272),
('dkmax2',2049,2098176,0.254886),
('dkmax2',2049,2098176,0.255341),
('dkmax2',2049,2098176,0.254994),
('dkmax2',2049,2098176,0.255079),
('dkmax2',2049,2098176,0.25499),
('dkmax2',2049,2098176,0.254802),
('dkmax2',2049,2098176,0.255349),
('dkmax2',2049,2098176,0.256904),
('dkmax2',2049,2098176,0.255193),
('dkmax2',2049,2098176,0.255277),
('dkmax2',2049,2098176,0.254677),
('dkmax2',2049,2098176,0.25567),
('dkmax2',2049,2098176,0.255128),
('dkmax2',2049,2098176,0.255008),
('dkmax2',2049,2098176,0.254942),
('dkmax2',2049,2098176,0.255142),
('dkmax2',2049,2098176,0.254884),
('dkmax2',2049,2098176,0.25565),
('dkmax2',2049,2098176,0.256365),
('dkmax2',2049,2098176,0.256375),
('dkmax2',2049,2098176,0.255133),
('dkmax2',2049,2098176,0.255089),
('dkmax2',2049,2098176,0.256817),
('dkmax2',2049,2098176,0.255085),
('dkmax2',2049,2098176,0.255662),
('dkmax2',2049,2098176,0.255497),
('dkmax2',2049,2098176,0.255157),
('dkmax2',2049,2098176,0.256649),
('dkmax2',2049,2098176,0.254946),
('dkmax2',2049,2098176,0.255046),
('dkmax2',2049,2098176,0.256741),
('dkmax2',2049,2098176,0.255797),
('dkmax2',2049,2098176,0.255474),
('dkmax2',2049,2098176,0.255463),
('dkmax2',2049,2098176,0.255133),
('dkmax2',2049,2098176,0.255681),
('dkmax2',2049,2098176,0.255241),
('dkmax2',2049,2098176,0.254824),
('dkmax2',2049,2098176,0.255273),
('dkmax2',2049,2098176,0.256775),
('dkmax2',2049,2098176,0.255309),
('dkmax2',2049,2098176,0.25518),
('dkmax2',2049,2098176,0.25556),
('dkmax2',2049,2098176,0.255148),
('dkmax2',2049,2098176,0.255484),
('dkmax2',2049,2098176,0.254839),
('dkmax2',2049,2098176,0.254674),
('dkmax2',2049,2098176,0.256233),
('dkmax2',2049,2098176,0.255158),
('dkmax2',2049,2098176,0.254878),
('dkmax2',2049,2098176,0.254933),
('dkmax2',2049,2098176,0.255742),
('dkmax2',2049,2098176,0.255245),
('dkmax2',2049,2098176,0.254762),
('dkmax2',2049,2098176,0.256365),
('dkmax2',2049,2098176,0.257654),
('dkmax2',2049,2098176,0.254805),
('dkmax2',2049,2098176,0.255308),
('dkmax2',2049,2098176,0.254976),
('dkmax2',2049,2098176,0.254859),
('dkmax2',2049,2098176,0.254817),
('dkmax2',2049,2098176,0.25557),
('dkmax2',2049,2098176,0.255007),
('dkmax2',2049,2098176,0.25568),
('dkmax2',2049,2098176,0.255642),
('dkmax2',2049,2098176,0.254571),
('dkmax2',2049,2098176,0.25527),
('dkmax2',2049,2098176,0.257101),
('dkmax2',2049,2098176,0.254895),
('dkmax2',2049,2098176,0.255204),
('dkmax2',2049,2098176,0.255466),
('dkmax2',2049,2098176,0.256548),
('dkmax2',2049,2098176,0.254915),
('dkmax2',2049,2098176,0.255603),
('dkmax2',2049,2098176,0.255234),
('dkmax2',2049,2098176,0.256442),
('dkmax2',2049,2098176,0.255323),
('dkmax2',2049,2098176,0.255171),
('dkmax2',2049,2098176,0.254743),
('dkmax2',2049,2098176,0.257119),
('dkmax2',2049,2098176,0.256294),
('dkmax2',2049,2098176,0.254868),
('dkmax2',2049,2098176,0.255289),
('dkmax2',2049,2098176,0.254813),
('dkmax2',2049,2098176,0.255197),
('dkmax2',2049,2098176,0.255),
('dkmax2',2049,2098176,0.255771),
('dkmax2',2049,2098176,0.255212),
('dkmax2',2049,2098176,0.255272),
('dkmax2',2049,2098176,0.255523),
('dkmax2',2049,2098176,0.254997),
('dkmax2',2049,2098176,0.257172),
('dkmax2',2049,2098176,0.254901),
('dkmax2',2049,2098176,0.255909),
('dkmax2',2049,2098176,0.255374),
('dkmax2',2049,2098176,0.257462),
('dkmax2',2049,2098176,0.255598),
('dkmax2',2049,2098176,0.25509),
('dkmax2',2049,2098176,0.255175),
('dkmax2',2049,2098176,0.255447),
('dkmax2',2049,2098176,0.255105),
('dkmax2',2049,2098176,0.255277),
('dkmax2',2049,2098176,0.256361),
('dkmax2',2049,2098176,0.256783),
('dkmax2',2049,2098176,0.254703),
('dkmax2',2049,2098176,0.255237),
('dkmax2',2049,2098176,0.254776),
('dkmax2',2049,2098176,0.255064),
('dkmax2',2049,2098176,0.255188);