INSERT INTO `fibonacci` (`graph`, `vertices`, `dk_calls`, `running_time`) VALUES
('random',4097,13308,0.044843),
('random',4097,13308,0.044793),
('random',4097,13308,0.044999),
('random',4097,13308,0.044405),
('random',4097,13308,0.044796),
('random',4097,13308,0.044758),
('random',4097,13308,0.044541),
('random',4097,13308,0.044422),
('random',4097,13308,0.045289),
('random',4097,13308,0.045008),
('random',4097,13308,0.04512),
('random',4097,13308,0.044426),
('random',4097,13308,0.044654),
('random',4097,13308,0.04536),
('random',4097,13308,0.044154),
('random',4097,13308,0.045753),
('random',4097,13308,0.044315),
('random',4097,13308,0.044855),
('random',4097,13308,0.044526),
('random',4097,13308,0.045932),
('random',4097,13308,0.045179),
('random',4097,13308,0.044398),
('random',4097,13308,0.044275),
('random',4097,13308,0.044299),
('random',4097,13308,0.045118),
('random',4097,13308,0.044421),
('random',4097,13308,0.045448),
('random',4097,13308,0.04423),
('random',4097,13308,0.044685),
('random',4097,13308,0.0447),
('random',4097,13308,0.044919),
('random',4097,13308,0.044795),
('dkmax',4097,4196352,0.112058),
('dkmax',4097,4196352,0.111173),
('dkmax',4097,4196352,0.111042),
('dkmax',4097,4196352,0.111084),
('dkmax',4097,4196352,0.111026),
('dkmax',4097,4196352,0.111269),
('dkmax',4097,4196352,0.110994),
('dkmax',4097,4196352,0.1112),
('dkmax',4097,4196352,0.111005),
('dkmax',4097,4196352,0.111068),
('dkmax',4097,4196352,0.11113),
('dkmax',4097,4196352,0.111808),
('dkmax',4097,4196352,0.11158),
('dkmax',4097,4196352,0.111333),
('dkmax',4097,4196352,0.111705),
('dkmax',4097,4196352,0.111792),
('dkmax',4097,4196352,0.111868),
('dkmax',4097,4196352,0.111603),
('dkmax',4097,4196352,0.111284),
('dkmax',4097,4196352,0.111243),
('dkmax',4097,4196352,0.111295),
('dkmax',4097,4196352,0.111479),
('dkmax',4097,4196352,0.110956),
('dkmax',4097,4196352,0.111803),
('dkmax',4097,4196352,0.111746),
('dkmax',4097,4196352,0.111073),
('dkmax',4097,4196352,0.111154),
('dkmax',4097,4196352,0.110924),
('dkmax',4097,4196352,0.111167),
('dkmax',4097,4196352,0.111301),
('dkmax',4097,4196352,0.111047),
('dkmax',4097,4196352,0.11097),
('dkmax2',4097,8390656,1.0194),
('dkmax2',4097,8390656,1.02182),
('dkmax2',4097,8390656,1.01932),
('dkmax2',4097,8390656,1.01964),
('dkmax2',4097,8390656,1.01965),
('dkmax2',4097,8390656,1.01852),
('dkmax2',4097,8390656,1.01898),
('dkmax2',4097,8390656,1.01859),
('dkmax2',4097,8390656,1.01929),
('dkmax2',4097,8390656,1.01752),
('dkmax2',4097,8390656,1.01776),
('dkmax2',4097,8390656,1.01789),
('dkmax2',4097,8390656,1.01876),
('dkmax2',4097,8390656,1.01922),
('dkmax2',4097,8390656,1.01744),
('dkmax2',4097,8390656,1.02058),
('dkmax2',4097,8390656,1.01795),
('dkmax2',4097,8390656,1.02096),
('dkmax2',4097,8390656,1.01969),
('dkmax2',4097,8390656,1.01975),
('dkmax2',4097,8390656,1.01804),
('dkmax2',4097,8390656,1.0186),
('dkmax2',4097,8390656,1.01776),
('dkmax2',4097,8390656,1.01918),
('dkmax2',4097,8390656,1.02425),
('dkmax2',4097,8390656,1.02),
('dkmax2',4097,8390656,1.02206),
('dkmax2',4097,8390656,1.02032),
('dkmax2',4097,8390656,1.02457),
('dkmax2',4097,8390656,1.02083),
('dkmax2',4097,8390656,1.01924),
('dkmax2',4097,8390656,1.02214),
('random',8193,26359,0.164568),
('random',8193,26359,0.164298),
('random',8193,26359,0.16269),
('random',8193,26359,0.162766),
('random',8193,26359,0.167425),
('random',8193,26359,0.164413),
('random',8193,26359,0.175219),
('random',8193,26359,0.164245),
('random',8193,26359,0.165034),
('random',8193,26359,0.163436),
('random',8193,26359,0.165196),
('random',8193,26359,0.164054),
('random',8193,26359,0.166153),
('random',8193,26359,0.164083),
('random',8193,26359,0.162944),
('random',8193,26359,0.163546),
('random',8193,26359,0.164499),
('random',8193,26359,0.163852),
('random',8193,26359,0.164301),
('random',8193,26359,0.162623),
('random',8193,26359,0.165821),
('random',8193,26359,0.163406),
('random',8193,26359,0.163454),
('random',8193,26359,0.164357),
('random',8193,26359,0.163073),
('random',8193,26359,0.16574),
('random',8193,26359,0.163184),
('random',8193,26359,0.163743),
('random',8193,26359,0.16428),
('random',8193,26359,0.167378),
('random',8193,26359,0.163904),
('random',8193,26359,0.162826),
('dkmax',8193,16781312,0.43751),
('dkmax',8193,16781312,0.437699),
('dkmax',8193,16781312,0.438138),
('dkmax',8193,16781312,0.437491),
('dkmax',8193,16781312,0.439542),
('dkmax',8193,16781312,0.437465),
('dkmax',8193,16781312,0.437831),
('dkmax',8193,16781312,0.43745),
('dkmax',8193,16781312,0.440194),
('dkmax',8193,16781312,0.440405),
('dkmax',8193,16781312,0.438642),
('dkmax',8193,16781312,0.437909),
('dkmax',8193,16781312,0.437284),
('dkmax',8193,16781312,0.43752),
('dkmax',8193,16781312,0.439534),
('dkmax',8193,16781312,0.437393),
('dkmax',8193,16781312,0.4395),
('dkmax',8193,16781312,0.438136),
('dkmax',8193,16781312,0.437801),
('dkmax',8193,16781312,0.438486),
('dkmax',8193,16781312,0.438301),
('dkmax',8193,16781312,0.43814),
('dkmax',8193,16781312,0.437724),
('dkmax',8193,16781312,0.437928),
('dkmax',8193,16781312,0.437313),
('dkmax',8193,16781312,0.436774),
('dkmax',8193,16781312,0.437508),
('dkmax',8193,16781312,0.437273),
('dkmax',8193,16781312,0.439844),
('dkmax',8193,16781312,0.437566),
('dkmax',8193,16781312,0.437283),
('dkmax',8193,16781312,0.437302),
('dkmax2',8193,33558528,4.07344),
('dkmax2',8193,33558528,4.07069),
('dkmax2',8193,33558528,4.07191),
('dkmax2',8193,33558528,4.07063),
('dkmax2',8193,33558528,4.07082),
('dkmax2',8193,33558528,4.06981),
('dkmax2',8193,33558528,4.07163),
('dkmax2',8193,33558528,4.07385),
('dkmax2',8193,33558528,4.07516),
('dkmax2',8193,33558528,4.07718),
('dkmax2',8193,33558528,4.07303),
('dkmax2',8193,33558528,4.06829),
('dkmax2',8193,33558528,4.06928),
('dkmax2',8193,33558528,4.07092),
('dkmax2',8193,33558528,4.07256),
('dkmax2',8193,33558528,4.09091),
('dkmax2',8193,33558528,4.08618),
('dkmax2',8193,33558528,4.07123),
('dkmax2',8193,33558528,4.07383),
('dkmax2',8193,33558528,4.07445),
('dkmax2',8193,33558528,4.09115),
('dkmax2',8193,33558528,4.0752),
('dkmax2',8193,33558528,4.07125),
('dkmax2',8193,33558528,4.07041),
('dkmax2',8193,33558528,4.07186),
('dkmax2',8193,33558528,4.07424),
('dkmax2',8193,33558528,4.07381),
('dkmax2',8193,33558528,4.07445),
('dkmax2',8193,33558528,4.07802),
('dkmax2',8193,33558528,4.07867),
('dkmax2',8193,33558528,4.08705),
('dkmax2',8193,33558528,4.09912);