INSERT INTO `primitive` (`graph`, `vertices`, `dk_calls`, `running_time`) VALUES
('random',2049,6661,0.035782),
('random',2049,6661,0.035973),
('random',2049,6661,0.036234),
('random',2049,6661,0.035785),
('random',2049,6661,0.035702),
('random',2049,6661,0.036031),
('random',2049,6661,0.035886),
('random',2049,6661,0.036201),
('random',2049,6661,0.035951),
('random',2049,6661,0.03603),
('random',2049,6661,0.036024),
('random',2049,6661,0.035732),
('random',2049,6661,0.035686),
('random',2049,6661,0.035656),
('random',2049,6661,0.036002),
('random',2049,6661,0.035866),
('random',2049,6661,0.03583),
('random',2049,6661,0.035883),
('random',2049,6661,0.035764),
('random',2049,6661,0.035835),
('random',2049,6661,0.036171),
('random',2049,6661,0.035667),
('random',2049,6661,0.035779),
('random',2049,6661,0.035678),
('random',2049,6661,0.035641),
('random',2049,6661,0.03575),
('random',2049,6661,0.03585),
('random',2049,6661,0.035764),
('random',2049,6661,0.035948),
('random',2049,6661,0.036027),
('random',2049,6661,0.036137),
('random',2049,6661,0.035749),
('random',2049,6661,0.036543),
('random',2049,6661,0.035721),
('random',2049,6661,0.0363),
('random',2049,6661,0.036502),
('random',2049,6661,0.036157),
('random',2049,6661,0.035663),
('random',2049,6661,0.036091),
('random',2049,6661,0.035886),
('random',2049,6661,0.035667),
('random',2049,6661,0.035756),
('random',2049,6661,0.036153),
('random',2049,6661,0.036263),
('random',2049,6661,0.035771),
('random',2049,6661,0.035717),
('random',2049,6661,0.036105),
('random',2049,6661,0.035864),
('random',2049,6661,0.035836),
('random',2049,6661,0.035698),
('random',2049,6661,0.035831),
('random',2049,6661,0.035952),
('random',2049,6661,0.035938),
('random',2049,6661,0.036232),
('random',2049,6661,0.036128),
('random',2049,6661,0.035777),
('random',2049,6661,0.036199),
('random',2049,6661,0.035682),
('random',2049,6661,0.035887),
('random',2049,6661,0.035761),
('random',2049,6661,0.03583),
('random',2049,6661,0.035573),
('random',2049,6661,0.035788),
('random',2049,6661,0.035941),
('random',2049,6661,0.035615),
('random',2049,6661,0.035804),
('random',2049,6661,0.035643),
('random',2049,6661,0.035708),
('random',2049,6661,0.03559),
('random',2049,6661,0.035584),
('random',2049,6661,0.036192),
('random',2049,6661,0.035737),
('random',2049,6661,0.035951),
('random',2049,6661,0.035638),
('random',2049,6661,0.035712),
('random',2049,6661,0.035708),
('random',2049,6661,0.035639),
('random',2049,6661,0.036303),
('random',2049,6661,0.035841),
('random',2049,6661,0.035918),
('random',2049,6661,0.035925),
('random',2049,6661,0.035965),
('random',2049,6661,0.035911),
('random',2049,6661,0.03593),
('random',2049,6661,0.03637),
('random',2049,6661,0.036006),
('random',2049,6661,0.035907),
('random',2049,6661,0.035852),
('random',2049,6661,0.035641),
('random',2049,6661,0.035686),
('random',2049,6661,0.036133),
('random',2049,6661,0.035791),
('random',2049,6661,0.035885),
('random',2049,6661,0.036108),
('random',2049,6661,0.035895),
('random',2049,6661,0.035782),
('random',2049,6661,0.035662),
('random',2049,6661,0.035847),
('random',2049,6661,0.035799),
('random',2049,6661,0.03567),
('random',2049,6661,0.038006),
('random',2049,6661,0.035944),
('random',2049,6661,0.035639),
('random',2049,6661,0.035763),
('random',2049,6661,0.035726),
('random',2049,6661,0.035641),
('random',2049,6661,0.036052),
('random',2049,6661,0.035865),
('random',2049,6661,0.035624),
('random',2049,6661,0.035588),
('random',2049,6661,0.036228),
('random',2049,6661,0.036088),
('random',2049,6661,0.035766),
('random',2049,6661,0.035797),
('random',2049,6661,0.036035),
('random',2049,6661,0.035728),
('random',2049,6661,0.035641),
('random',2049,6661,0.035673),
('random',2049,6661,0.035933),
('random',2049,6661,0.035824),
('random',2049,6661,0.035727),
('random',2049,6661,0.035771),
('random',2049,6661,0.036013),
('random',2049,6661,0.035676),
('random',2049,6661,0.035829),
('random',2049,6661,0.035691),
('random',2049,6661,0.035848),
('random',2049,6661,0.035897),
('dkmax',2049,1049600,0.050794),
('dkmax',2049,1049600,0.050905),
('dkmax',2049,1049600,0.050885),
('dkmax',2049,1049600,0.051001),
('dkmax',2049,1049600,0.050952),
('dkmax',2049,1049600,0.050862),
('dkmax',2049,1049600,0.051823),
('dkmax',2049,1049600,0.05105),
('dkmax',2049,1049600,0.051273),
('dkmax',2049,1049600,0.05121),
('dkmax',2049,1049600,0.0511),
('dkmax',2049,1049600,0.050897),
('dkmax',2049,1049600,0.051026),
('dkmax',2049,1049600,0.051033),
('dkmax',2049,1049600,0.051032),
('dkmax',2049,1049600,0.050978),
('dkmax',2049,1049600,0.050997),
('dkmax',2049,1049600,0.050865),
('dkmax',2049,1049600,0.050951),
('dkmax',2049,1049600,0.05078),
('dkmax',2049,1049600,0.051215),
('dkmax',2049,1049600,0.050939),
('dkmax',2049,1049600,0.051203),
('dkmax',2049,1049600,0.051211),
('dkmax',2049,1049600,0.050847),
('dkmax',2049,1049600,0.05098),
('dkmax',2049,1049600,0.051571),
('dkmax',2049,1049600,0.051062),
('dkmax',2049,1049600,0.050898),
('dkmax',2049,1049600,0.050807),
('dkmax',2049,1049600,0.050742),
('dkmax',2049,1049600,0.051453),
('dkmax',2049,1049600,0.05091),
('dkmax',2049,1049600,0.050797),
('dkmax',2049,1049600,0.051011),
('dkmax',2049,1049600,0.050927),
('dkmax',2049,1049600,0.050995),
('dkmax',2049,1049600,0.051012),
('dkmax',2049,1049600,0.050772),
('dkmax',2049,1049600,0.050905),
('dkmax',2049,1049600,0.050911),
('dkmax',2049,1049600,0.050892),
('dkmax',2049,1049600,0.051028),
('dkmax',2049,1049600,0.050841),
('dkmax',2049,1049600,0.050737),
('dkmax',2049,1049600,0.050724),
('dkmax',2049,1049600,0.051287),
('dkmax',2049,1049600,0.051034),
('dkmax',2049,1049600,0.050893),
('dkmax',2049,1049600,0.050924),
('dkmax',2049,1049600,0.050857),
('dkmax',2049,1049600,0.051058),
('dkmax',2049,1049600,0.050872),
('dkmax',2049,1049600,0.051078),
('dkmax',2049,1049600,0.050942),
('dkmax',2049,1049600,0.050897),
('dkmax',2049,1049600,0.050829),
('dkmax',2049,1049600,0.05108),
('dkmax',2049,1049600,0.051036),
('dkmax',2049,1049600,0.050888),
('dkmax',2049,1049600,0.050922),
('dkmax',2049,1049600,0.051283),
('dkmax',2049,1049600,0.051012),
('dkmax',2049,1049600,0.051119),
('dkmax',2049,1049600,0.051151),
('dkmax',2049,1049600,0.050837),
('dkmax',2049,1049600,0.051075),
('dkmax',2049,1049600,0.051174),
('dkmax',2049,1049600,0.050846),
('dkmax',2049,1049600,0.05105),
('dkmax',2049,1049600,0.05092),
('dkmax',2049,1049600,0.050883),
('dkmax',2049,1049600,0.051084),
('dkmax',2049,1049600,0.051042),
('dkmax',2049,1049600,0.050826),
('dkmax',2049,1049600,0.051107),
('dkmax',2049,1049600,0.050996),
('dkmax',2049,1049600,0.050961),
('dkmax',2049,1049600,0.051131),
('dkmax',2049,1049600,0.051181),
('dkmax',2049,1049600,0.050851),
('dkmax',2049,1049600,0.05105),
('dkmax',2049,1049600,0.050993),
('dkmax',2049,1049600,0.051019),
('dkmax',2049,1049600,0.0509),
('dkmax',2049,1049600,0.050842),
('dkmax',2049,1049600,0.051037),
('dkmax',2049,1049600,0.05107),
('dkmax',2049,1049600,0.051067),
('dkmax',2049,1049600,0.051234),
('dkmax',2049,1049600,0.050948),
('dkmax',2049,1049600,0.051105),
('dkmax',2049,1049600,0.051049),
('dkmax',2049,1049600,0.051287),
('dkmax',2049,1049600,0.051016),
('dkmax',2049,1049600,0.050858),
('dkmax',2049,1049600,0.05092),
('dkmax',2049,1049600,0.050908),
('dkmax',2049,1049600,0.051474),
('dkmax',2049,1049600,0.050763),
('dkmax',2049,1049600,0.050887),
('dkmax',2049,1049600,0.050874),
('dkmax',2049,1049600,0.051119),
('dkmax',2049,1049600,0.051029),
('dkmax',2049,1049600,0.050887),
('dkmax',2049,1049600,0.051236),
('dkmax',2049,1049600,0.051291),
('dkmax',2049,1049600,0.050971),
('dkmax',2049,1049600,0.050882),
('dkmax',2049,1049600,0.05076),
('dkmax',2049,1049600,0.051035),
('dkmax',2049,1049600,0.051148),
('dkmax',2049,1049600,0.050951),
('dkmax',2049,1049600,0.050875),
('dkmax',2049,1049600,0.051024),
('dkmax',2049,1049600,0.051211),
('dkmax',2049,1049600,0.051291),
('dkmax',2049,1049600,0.051214),
('dkmax',2049,1049600,0.051262),
('dkmax',2049,1049600,0.050902),
('dkmax',2049,1049600,0.051003),
('dkmax',2049,1049600,0.050823),
('dkmax',2049,1049600,0.051072),
('dkmax',2049,1049600,0.051412),
('dkmax',2049,1049600,0.050842),
('dkmax',2049,1049600,0.051237),
('dkmax',2049,1049600,0.051173),
('dkmax',2049,1049600,0.051375),
('dkmax2',2049,2098176,0.060967),
('dkmax2',2049,2098176,0.061255),
('dkmax2',2049,2098176,0.064412),
('dkmax2',2049,2098176,0.061127),
('dkmax2',2049,2098176,0.061174),
('dkmax2',2049,2098176,0.06098),
('dkmax2',2049,2098176,0.061533),
('dkmax2',2049,2098176,0.061083),
('dkmax2',2049,2098176,0.061016),
('dkmax2',2049,2098176,0.060861),
('dkmax2',2049,2098176,0.061029),
('dkmax2',2049,2098176,0.060951),
('dkmax2',2049,2098176,0.060979),
('dkmax2',2049,2098176,0.060891),
('dkmax2',2049,2098176,0.061255),
('dkmax2',2049,2098176,0.06106),
('dkmax2',2049,2098176,0.060992),
('dkmax2',2049,2098176,0.060989),
('dkmax2',2049,2098176,0.061855),
('dkmax2',2049,2098176,0.061167),
('dkmax2',2049,2098176,0.061352),
('dkmax2',2049,2098176,0.061052),
('dkmax2',2049,2098176,0.061),
('dkmax2',2049,2098176,0.060986),
('dkmax2',2049,2098176,0.061045),
('dkmax2',2049,2098176,0.061016),
('dkmax2',2049,2098176,0.061341),
('dkmax2',2049,2098176,0.060946),
('dkmax2',2049,2098176,0.061003),
('dkmax2',2049,2098176,0.061426),
('dkmax2',2049,2098176,0.061217),
('dkmax2',2049,2098176,0.061027),
('dkmax2',2049,2098176,0.061001),
('dkmax2',2049,2098176,0.061219),
('dkmax2',2049,2098176,0.061313),
('dkmax2',2049,2098176,0.061),
('dkmax2',2049,2098176,0.061119),
('dkmax2',2049,2098176,0.06156),
('dkmax2',2049,2098176,0.061406),
('dkmax2',2049,2098176,0.061024),
('dkmax2',2049,2098176,0.060875),
('dkmax2',2049,2098176,0.061044),
('dkmax2',2049,2098176,0.060988),
('dkmax2',2049,2098176,0.06102),
('dkmax2',2049,2098176,0.061087),
('dkmax2',2049,2098176,0.061092),
('dkmax2',2049,2098176,0.061123),
('dkmax2',2049,2098176,0.060969),
('dkmax2',2049,2098176,0.060915),
('dkmax2',2049,2098176,0.061431),
('dkmax2',2049,2098176,0.061143),
('dkmax2',2049,2098176,0.060857),
('dkmax2',2049,2098176,0.063211),
('dkmax2',2049,2098176,0.061733),
('dkmax2',2049,2098176,0.061354),
('dkmax2',2049,2098176,0.063857),
('dkmax2',2049,2098176,0.060849),
('dkmax2',2049,2098176,0.061293),
('dkmax2',2049,2098176,0.061309),
('dkmax2',2049,2098176,0.060994),
('dkmax2',2049,2098176,0.061777),
('dkmax2',2049,2098176,0.061178),
('dkmax2',2049,2098176,0.061259),
('dkmax2',2049,2098176,0.060944),
('dkmax2',2049,2098176,0.060934),
('dkmax2',2049,2098176,0.060994),
('dkmax2',2049,2098176,0.06141),
('dkmax2',2049,2098176,0.061162),
('dkmax2',2049,2098176,0.06092),
('dkmax2',2049,2098176,0.060941),
('dkmax2',2049,2098176,0.06095),
('dkmax2',2049,2098176,0.060959),
('dkmax2',2049,2098176,0.060937),
('dkmax2',2049,2098176,0.06142),
('dkmax2',2049,2098176,0.06131),
('dkmax2',2049,2098176,0.061138),
('dkmax2',2049,2098176,0.062215),
('dkmax2',2049,2098176,0.062275),
('dkmax2',2049,2098176,0.061341),
('dkmax2',2049,2098176,0.061169),
('dkmax2',2049,2098176,0.06086),
('dkmax2',2049,2098176,0.060892),
('dkmax2',2049,2098176,0.061062),
('dkmax2',2049,2098176,0.061071),
('dkmax2',2049,2098176,0.060863),
('dkmax2',2049,2098176,0.060967),
('dkmax2',2049,2098176,0.061701),
('dkmax2',2049,2098176,0.062026),
('dkmax2',2049,2098176,0.06087),
('dkmax2',2049,2098176,0.061213),
('dkmax2',2049,2098176,0.061961),
('dkmax2',2049,2098176,0.061154),
('dkmax2',2049,2098176,0.06092),
('dkmax2',2049,2098176,0.060976),
('dkmax2',2049,2098176,0.060945),
('dkmax2',2049,2098176,0.060887),
('dkmax2',2049,2098176,0.060879),
('dkmax2',2049,2098176,0.061136),
('dkmax2',2049,2098176,0.061494),
('dkmax2',2049,2098176,0.061036),
('dkmax2',2049,2098176,0.060971),
('dkmax2',2049,2098176,0.061048),
('dkmax2',2049,2098176,0.061529),
('dkmax2',2049,2098176,0.060954),
('dkmax2',2049,2098176,0.060946),
('dkmax2',2049,2098176,0.061079),
('dkmax2',2049,2098176,0.061004),
('dkmax2',2049,2098176,0.060877),
('dkmax2',2049,2098176,0.060949),
('dkmax2',2049,2098176,0.060948),
('dkmax2',2049,2098176,0.061093),
('dkmax2',2049,2098176,0.060972),
('dkmax2',2049,2098176,0.061911),
('dkmax2',2049,2098176,0.06082),
('dkmax2',2049,2098176,0.061525),
('dkmax2',2049,2098176,0.061038),
('dkmax2',2049,2098176,0.06109),
('dkmax2',2049,2098176,0.060898),
('dkmax2',2049,2098176,0.060997),
('dkmax2',2049,2098176,0.061107),
('dkmax2',2049,2098176,0.060913),
('dkmax2',2049,2098176,0.06162),
('dkmax2',2049,2098176,0.061758),
('dkmax2',2049,2098176,0.06112),
('dkmax2',2049,2098176,0.061032),
('dkmax2',2049,2098176,0.061301),
('dkmax2',2049,2098176,0.06134),
('dkmax2',2049,2098176,0.0609);