INSERT INTO `primitive` (`graph`, `vertices`, `dk_calls`, `running_time`) VALUES
('random',4097,13215,0.139884),
('random',4097,13215,0.138945),
('random',4097,13215,0.139426),
('random',4097,13215,0.139525),
('random',4097,13215,0.139836),
('random',4097,13215,0.140049),
('random',4097,13215,0.140687),
('random',4097,13215,0.138733),
('random',4097,13215,0.151292),
('random',4097,13215,0.139004),
('random',4097,13215,0.140052),
('random',4097,13215,0.138995),
('random',4097,13215,0.140827),
('random',4097,13215,0.139116),
('random',4097,13215,0.139324),
('random',4097,13215,0.139991),
('random',4097,13215,0.140706),
('random',4097,13215,0.13927),
('random',4097,13215,0.139186),
('random',4097,13215,0.141242),
('random',4097,13215,0.140529),
('random',4097,13215,0.141744),
('random',4097,13215,0.138938),
('random',4097,13215,0.141185),
('random',4097,13215,0.139448),
('random',4097,13215,0.141287),
('random',4097,13215,0.139231),
('random',4097,13215,0.138779),
('random',4097,13215,0.139031),
('random',4097,13215,0.139165),
('random',4097,13215,0.140694),
('random',4097,13215,0.139559),
('dkmax',4097,4196352,0.205929),
('dkmax',4097,4196352,0.206005),
('dkmax',4097,4196352,0.206062),
('dkmax',4097,4196352,0.205938),
('dkmax',4097,4196352,0.207132),
('dkmax',4097,4196352,0.207134),
('dkmax',4097,4196352,0.205627),
('dkmax',4097,4196352,0.205906),
('dkmax',4097,4196352,0.206166),
('dkmax',4097,4196352,0.20627),
('dkmax',4097,4196352,0.20633),
('dkmax',4097,4196352,0.205916),
('dkmax',4097,4196352,0.206993),
('dkmax',4097,4196352,0.206456),
('dkmax',4097,4196352,0.206236),
('dkmax',4097,4196352,0.206177),
('dkmax',4097,4196352,0.206341),
('dkmax',4097,4196352,0.206019),
('dkmax',4097,4196352,0.206891),
('dkmax',4097,4196352,0.205951),
('dkmax',4097,4196352,0.205791),
('dkmax',4097,4196352,0.206045),
('dkmax',4097,4196352,0.205821),
('dkmax',4097,4196352,0.206528),
('dkmax',4097,4196352,0.205923),
('dkmax',4097,4196352,0.205781),
('dkmax',4097,4196352,0.206413),
('dkmax',4097,4196352,0.20568),
('dkmax',4097,4196352,0.207803),
('dkmax',4097,4196352,0.205996),
('dkmax',4097,4196352,0.210871),
('dkmax',4097,4196352,0.206363),
('dkmax2',4097,8390656,0.249076),
('dkmax2',4097,8390656,0.247247),
('dkmax2',4097,8390656,0.246775),
('dkmax2',4097,8390656,0.246387),
('dkmax2',4097,8390656,0.246479),
('dkmax2',4097,8390656,0.248238),
('dkmax2',4097,8390656,0.246885),
('dkmax2',4097,8390656,0.24679),
('dkmax2',4097,8390656,0.249035),
('dkmax2',4097,8390656,0.246825),
('dkmax2',4097,8390656,0.247263),
('dkmax2',4097,8390656,0.246225),
('dkmax2',4097,8390656,0.248908),
('dkmax2',4097,8390656,0.247447),
('dkmax2',4097,8390656,0.246698),
('dkmax2',4097,8390656,0.246678),
('dkmax2',4097,8390656,0.24654),
('dkmax2',4097,8390656,0.247133),
('dkmax2',4097,8390656,0.246503),
('dkmax2',4097,8390656,0.247421),
('dkmax2',4097,8390656,0.251016),
('dkmax2',4097,8390656,0.247826),
('dkmax2',4097,8390656,0.246652),
('dkmax2',4097,8390656,0.247731),
('dkmax2',4097,8390656,0.246846),
('dkmax2',4097,8390656,0.246677),
('dkmax2',4097,8390656,0.246981),
('dkmax2',4097,8390656,0.24713),
('dkmax2',4097,8390656,0.247006),
('dkmax2',4097,8390656,0.24924),
('dkmax2',4097,8390656,0.246965),
('dkmax2',4097,8390656,0.246678),
('random',8193,26395,0.616335),
('random',8193,26395,0.595969),
('random',8193,26395,0.595664),
('random',8193,26395,0.598071),
('random',8193,26395,0.597924),
('random',8193,26395,0.597645),
('random',8193,26395,0.604756),
('random',8193,26395,0.597591),
('random',8193,26395,0.601424),
('random',8193,26395,0.598531),
('random',8193,26395,0.602567),
('random',8193,26395,0.598245),
('random',8193,26395,0.607289),
('random',8193,26395,0.599125),
('random',8193,26395,0.623636),
('random',8193,26395,0.597935),
('random',8193,26395,0.59905),
('random',8193,26395,0.598481),
('random',8193,26395,0.59929),
('random',8193,26395,0.599719),
('random',8193,26395,0.597387),
('random',8193,26395,0.596613),
('random',8193,26395,0.607755),
('random',8193,26395,0.596871),
('random',8193,26395,0.60333),
('random',8193,26395,0.613958),
('random',8193,26395,0.612404),
('random',8193,26395,0.601998),
('random',8193,26395,0.598482),
('random',8193,26395,0.624847),
('random',8193,26395,0.608973),
('random',8193,26395,0.604707),
('dkmax',8193,16781312,0.82603),
('dkmax',8193,16781312,0.824797),
('dkmax',8193,16781312,0.827079),
('dkmax',8193,16781312,0.828084),
('dkmax',8193,16781312,0.825163),
('dkmax',8193,16781312,0.825178),
('dkmax',8193,16781312,0.825742),
('dkmax',8193,16781312,0.826359),
('dkmax',8193,16781312,0.825264),
('dkmax',8193,16781312,0.82568),
('dkmax',8193,16781312,0.826067),
('dkmax',8193,16781312,0.824869),
('dkmax',8193,16781312,0.825911),
('dkmax',8193,16781312,0.829964),
('dkmax',8193,16781312,0.82815),
('dkmax',8193,16781312,0.825676),
('dkmax',8193,16781312,0.831001),
('dkmax',8193,16781312,0.826905),
('dkmax',8193,16781312,0.825493),
('dkmax',8193,16781312,0.825471),
('dkmax',8193,16781312,0.826511),
('dkmax',8193,16781312,0.826433),
('dkmax',8193,16781312,0.824966),
('dkmax',8193,16781312,0.82551),
('dkmax',8193,16781312,0.825076),
('dkmax',8193,16781312,0.827017),
('dkmax',8193,16781312,0.825371),
('dkmax',8193,16781312,0.830545),
('dkmax',8193,16781312,0.8309),
('dkmax',8193,16781312,0.825485),
('dkmax',8193,16781312,0.824889),
('dkmax',8193,16781312,0.826037),
('dkmax2',8193,33558528,0.996478),
('dkmax2',8193,33558528,0.991595),
('dkmax2',8193,33558528,0.989374),
('dkmax2',8193,33558528,0.996265),
('dkmax2',8193,33558528,0.992339),
('dkmax2',8193,33558528,0.990784),
('dkmax2',8193,33558528,0.990236),
('dkmax2',8193,33558528,0.990272),
('dkmax2',8193,33558528,0.990272),
('dkmax2',8193,33558528,0.996132),
('dkmax2',8193,33558528,0.990668),
('dkmax2',8193,33558528,0.992264),
('dkmax2',8193,33558528,0.992801),
('dkmax2',8193,33558528,0.991471),
('dkmax2',8193,33558528,0.988699),
('dkmax2',8193,33558528,0.990443),
('dkmax2',8193,33558528,0.991222),
('dkmax2',8193,33558528,0.992315),
('dkmax2',8193,33558528,0.990971),
('dkmax2',8193,33558528,0.989382),
('dkmax2',8193,33558528,0.997054),
('dkmax2',8193,33558528,0.992781),
('dkmax2',8193,33558528,0.995495),
('dkmax2',8193,33558528,0.991608),
('dkmax2',8193,33558528,0.990073),
('dkmax2',8193,33558528,0.995729),
('dkmax2',8193,33558528,0.99242),
('dkmax2',8193,33558528,0.996078),
('dkmax2',8193,33558528,0.991018),
('dkmax2',8193,33558528,0.990862),
('dkmax2',8193,33558528,0.990981),
('dkmax2',8193,33558528,0.993449);